79755.7 18385.1 17400.9 119811 116310 2937.95 14842.6 100587 1323.55 17317.4 4357.28 44521.9 28172.4 14772.3 6992.21 2981.52 117072 6418.68 24647.7 184122 1198.18 5781.23 3794.17 12930.8 1889.71 2350.37 38502.8 44560.9 20933.9 34137.1 10533 10776.8 92411.1 2479.63 18091.5 1251.19 163900 3899.39 21563.5 
1680.93 10418.7 2340.57 33598.9 1847.19 9138.79 52989.9 4929.94 1436.41 1021.92 21350.7 7127.31 185353 8731.2 9532.82 53260.8 117124 5516.56 36398 34983.4 79757.6 1817.54 69141.1 7928.54 137250 57452.2 4926.38 116561 2319.64 50577.3 1498.29 7687.22 2578.9 2193.12 11327.5 99429.4 13895 5502.05 20170.5 
40416.8 28504.7 15109.4 97866.4 7776.49 10684.8 7484.7 187723 25087.4 3332.02 192179 30643.6 67071.3 14548.7 23562.8 11604.2 1071.77 90639.2 58443.5 25092.6 169873 90883.5 25242.7 5434.3 114680 113080 7894.17 9276.69 115922 6359.43 1513 1292.84 9191.01 11941.8 4523.07 49023.9 85741.7 152827 24364 
1940.97 83134.7 170697 1499.2 4985.59 91874.6 108960 13446.4 15770.7 9349.13 7400.97 56745.2 42161.3 2040.02 9873.21 29692.1 4647.22 2607.92 1777.61 2512.48 33695.5 14888.9 11236.2 21846.9 12455.9 2383.03 118897 126812 2553.52 4089.03 3498.84 13687.8 10826.2 23118.8 6985.38 6237.33 6074.93 2841.37 2820.07 
12291.1 2018.2 1712.16 10467.4 127046 6469.68 5655.83 8448.21 5066.36 157069 9257.12 1457.12 84702.2 1477.79 1485.53 6667.83 165151 3264.81 69134.8 3430.32 50192.6 47582.6 18535 1672.78 185236 37369.8 1228.69 12173.6 1168.11 2287.28 8664.35 3813.49 23236.3 14524.6 14233.2 6937.28 2541.68 8407.06 2176.86 
36825.4 7667.13 5339.31 159489 5503.36 1135.31 32704 11742.4 70218.5 3107.63 10167 32021.1 2254.49 33599.8 82442.1 120841 2744.36 36719.4 156528 55608.5 5114 153247 148611 3394.9 6370.13 168656 1879.91 33415.6 3051.73 2293.7 33663.9 4393.65 96406 86570.6 64077.1 14566 12427.3 34812.2 66502.5 
2342.22 5196.09 161191 2026.28 17660.3 6213.62 1520.38 73374 2317.35 2722.53 1087.42 1475.32 1055.63 3760.97 2214.88 6477.21 4554.53 2206.42 10672 94578.9 2633.35 1491.42 35525.4 4308.44 27672.6 25214.8 1177.26 1812.62 40551.4 1375.5 1159.02 2074.78 5761.24 13413.7 73572.3 1064.08 12171.5 4275.72 3023.44 
193341 56333.2 3258.78 172973 2686.18 1254.52 8706.3 1314.28 11368.2 7498.45 1245.38 62639.4 32730.3 18233.1 172575 40552.4 2461.33 41426.2 107675 157919 8458.7 10836.4 4495.62 2718.65 25047.2 5222.12 3817.2 13348.8 8610.28 10199.2 9037.14 1708.41 1595.35 6144.9 33215.3 3356.21 10130.3 120580 4632.84 
25594.8 1307.14 1965.13 57765.8 4511 1156.62 1586.3 21611.3 52322 77457.6 1600.69 19894.2 24473.5 57310.5 87040.8 5818.89 3341.28 1016.44 168308 10491 12494.1 1468.28 10669.1 16129.5 141989 163624 34998.4 5593.74 124601 171766 65243.4 25480.7 179635 149765 5705.13 2543.83 8178.14 1371.67 3020.77 
20253.9 1803.01 58967.5 1029.16 60897.8 3295.24 92233.8 104258 198304 2533.41 1506.49 14071.2 2003.31 23779.3 20605.8 96903.6 1319.44 11306.7 1958.51 2500.52 66222.8 3982.98 28436.8 4398.49 40624.4 93703.3 2554.7 5950.63 7581.34 4987.73 125647 1706.17 19689.5 1039.07 22972 129857 54802.1 27886.6 2182.15 
15699.5 1062.66 2389.59 2187.62 39239.8 6185.8 36107 5979.64 30718.5 133080 155685 1469.74 61474.1 172887 19868.7 1243.51 1703.83 51899.2 20385 8688.49 21624.1 2784.39 2524.25 106626 1524.06 18129.2 2652.61 4438.91 5753.14 1620.49 1486.02 4733.74 85196.1 10381.8 155993 68482.8 62027.5 178315 94544.8 
15373.9 6859.54 1897.41 9702.27 87559.8 1771.06 159174 119827 60275.1 3305.49 193043 82430.1 4896.7 6713.14 1082.32 4719.06 40830.4 6442.96 29131.6 169607 2698.4 2023.43 1594.49 11198.7 21739.7 104900 49758 24204.5 154508 3025.81 17537.4 48792 9414.34 20845.2 2112.18 8323.9 18774.7 60273.4 43581.8 
25668.9 23991.7 100574 51722.6 38397.8 2874.28 1750.24 8236.68 5393.06 1072.02 15710.4 1914.81 63567 4540.58 16371.3 1990.72 11440.3 1163.75 30913.8 3886.93 88813.4 16151.6 2487.17 4617.95 100749 53798.9 32347.7 1335.77 1308.56 2607.59 24489.6 1807.67 1834.15 95093.1 99180.9 2680.8 2136.08 1919.59 145470 
12481 95209 1814.91 11141.8 4744.48 7072.6 4206.06 4457.14 15392.7 1751.92 1896.17 10326.2 2705.13 130751 2732.3 1543.44 93796.2 2143.13 27138.6 1043.24 4887.57 2364.39 4504.47 6406.25 33881.4 1165.45 65195.5 7211.13 1598.89 52090.7 9202.3 9439.44 30208.1 196679 42753.1 3357.28 1993.45 49104.8 66039.5 
7533.49 20251.7 26004.1 12698.9 2722.46 1846.38 20424.8 3480.56 20142.5 33087.2 2620.24 108083 3969.03 1423.42 16402.9 5814.1 50432.3 11462.5 9966.48 121706 126234 2925.17 37355.5 13611.5 38131.9 8285.93 22456.2 33953.1 3006.1 1008.42 42483.3 6374.63 173288 1261.64 31583.3 11053.3 1669.07 75904.7 4967.38 
1166.23 10161.7 10100.2 2561.46 40816.1 20886.5 52336.4 1614.07 1068.01 147218 18816.4 17676.1 1423.91 161093 1730.37 1053.45 34128 9729.37 10920.2 9328.52 6190.83 4777.08 8037.34 4086.93 112707 1062.8 124346 1806.17 1516.19 6405.48 5375.96 1839.69 1376 41442.2 2180.16 1392.37 21759.2 1898.1 9740.05 
6457.52 64847.9 1375.21 2235.84 49571.7 11211.6 25348.9 1102.65 14202.6 92900.7 14408.8 4629.28 49691.2 1088.68 17993.6 17292.7 1391.29 2204.97 16980.9 159582 2635.23 1238.32 142751 81011.9 33651.6 15420.8 3881.75 9392.47 11097.4 1248.9 49729.2 132143 8665.42 1439.57 3613.99 7333.58 7027.45 73739.5 107689 
6636.02 3028.12 174790 2349.99 2338.59 17033.5 88668.8 26631.7 1572.36 5930.72 12921.7 25360.5 1832.76 130947 44587.5 29605.7 1482.58 1763.34 10148.4 16237.3 27669.6 57629.5 27275.8 19392.6 1832.56 4284.14 33481.1 69180.6 17729.4 39766.7 1480.01 190863 1643.61 1414.9 75295.4 5152.78 14874.1 4313.54 1550.55 
3466.48 1912.33 37892.2 8353.39 2000.24 1270.09 8939.28 5180.77 49615.3 38870.6 3152.77 48857.9 20548.6 181132 57883.2 2192.77 1843.01 74553.5 13801.2 7713.18 1766.15 2286.5 1187.77 7190.83 1964.1 2723.55 79817.4 2508.54 1674.49 69012.7 7065.42 1610.22 1784.16 10924.5 22445.9 1970.46 23382 2892.72 2061.53 
4322.45 1355.66 9186.1 1098.78 58843.7 82140.5 8086.81 14198.7 3637.99 16191.2 10066.8 6796.63 29625.7 10977.1 6489.01 77156.1 15403.8 55815.8 2817.8 5763.07 109253 5083.08 5334.32 13665.4 1592.15 9743.01 63922.1 1714.62 1759.5 73664.3 18124.5 67774 32500.5 1241.17 6541.43 4678.88 2801.07 2073.38 18411.8 
1067.48 3524.32 134595 28592.5 5543.95 18320.7 9074.1 5127.18 4587.37 2182.73 8116.22 2252.3 29286.9 78737.2 59833.2 142445 5024.53 19429.2 6329.65 106408 8339.46 127149 16698.1 2300.9 9383.37 6048.91 53430.8 1156.13 1198.73 9573.37 17953.9 12355.5 13608.7 43175.9 2678.25 3056.34 10638 17853.8 8989.82 
22411.1 2124.84 1098.35 106877 10185.1 2405.71 85450.7 7925.94 8320.1 27670.6 4269.97 87041.3 4544.6 5506.35 8357.55 43719.4 1000 185210 1501.06 21908.8 8639.99 186393 3091.58 33816.7 57218.7 22226.7 19426.6 144490 4255.81 7674.58 21183.2 8306.87 119048 1718.49 1962.53 3849.22 86823.1 197473 46712.4 
1266.38 1502.26 2608.25 47305.4 93733.5 1622.78 4423.89 1108.82 14404.7 10206.9 31573.7 8234.07 54410.7 4160.16 168654 12962.2 8016.83 33503.2 5495.72 1213.31 27039.2 153703 5716.86 87977.5 32967.8 2554.91 131359 80509.9 1159.97 1978.2 14085 2881.59 34384 12941.1 13538.5 8478.57 79865.1 23295.5 8005.43 
13045.6 20032.7 120954 1524.83 3026.16 66865.5 2745.5 19180.1 11105.5 46837.4 126902 6721.49 1725.4 3115.79 36225.6 1148.51 1081.04 74404.8 157826 140313 39717.6 38620.2 1406.38 95920.4 1027.12 80990 134870 4121 2726.97 1924.62 116368 3613.57 36363.9 3566.07 1385.22 37900.9 3826.73 3681.56 23678.5 
5022.65 3396.4 9002.32 50930.7 14614.6 71465.3 3088.23 87232.4 166249 3852.19 122087 7236.27 14167.2 2943.51 38941.9 2322.87 97927 165020 17980.6 91463.7 1811.5 128495 56638.1 1033.87 6096.04 12639.6 50235.4 3444.89 8736.88 1667.73 1840.91 1556.93 69394.8 21456.5 2026.73 139642 3398.52 2344.64 6124.15 
58203.8 19994.5 3833.47 12010.1 19635.6 3420.6 5285.52 3198.22 66803.1 6155.39 1123.53 107520 144799 5012.85 3417.65 55162.1 1378.82 1501.89 1440.71 1730.5 1578.4 26552 2000.97 1422.81 194248 19588 1251.49 2057.24 162179 198360 19765.4 10396.9 1601.42 1057.24 28858.7 92979.2 1068.14 7852.12 16220.5 
60007.4 7685.3 63678.6 1276.38 4622.15 39426.8 85361.1 1089.8 53858.5 1027.32 182090 89691.3 12827.3 149983 24835.7 61510 14940.7 5367.41 12332.1 3727.36 52953.5 114423 9964.45 44647.8 15508.8 195959 2167.73 10921 100394 20568 1427.05 15758.4 115716 1377.72 21199.5 82523.4 24340.8 2024.07 1386.07 
2302.68 37315.8 1186.46 3614.89 11968 15985.1 4643.48 65001 5367.47 31118.5 1125.62 26481.1 65925.7 90253.7 48452.1 5541.95 9185.48 69268.2 11118.2 1918.81 1195.44 19846.9 196027 19311.8 59926 121519 13012.9 54472.9 4556.91 3025.15 1726.34 7460.91 172509 15336.9 54100 103008 2019.32 1090.33 8298.3 
14605.5 121340 66316.4 134559 3969.45 25588.6 6294.26 2873.58 10385.1 165473 86024 2589.89 76455.5 2450.39 1436.4 105515 3247.88 2434.58 166782 19656.3 17675.5 4106.46 10932.9 5758.46 3553.36 123925 97560.7 2377.21 1225.95 17962.3 1137.99 11198 1832.71 2536.76 18933.8 1115.7 3837.36 3548.94 111006 
8489.9 7933.84 37140.4 5476.94 4099.2 2355.21 17682 1506.97 1961.8 48187 3021.13 4346.77 14913.6 77980.2 6502.3 36999.2 52544.2 69186.8 156406 28777.2 1490.7 7738.32 3342.73 9224.39 3508.39 5036.35 3168.55 24671.4 1470.2 20686.5 80213.5 159104 25103.3 1134.18 54110.3 3722.64 1168.69 1101.56 16969.5 
1892.17 6534.03 5974.63 25735.3 11821.1 173617 2010.84 1292.49 1572.36 5442.1 7295.23 10435.5 39691 3301.58 2286.01 90580.1 21996.6 4005.09 5323.7 33657.2 1029.94 1477.54 4871.34 5243.38 70994 2582.75 72969.4 3583.95 1858.55 102652 2275.39 22686.5 27535.8 44923.3 2567.55 1469.65 1043.97 1473.65 2386.71 
28681.1 1755.35 6132.83 6058.14 37118.9 108152 5433.82 2272.41 3810.4 17701.2 30387.5 15807.9 3133.02 7459.76 2458.99 11378.2 109564 5578.42 2789.05 3225.82 1853.66 56769.7 55678.9 3943.27 3242.64 1069 2726.39 1850.85 9454.05 1375.68 1413.12 14367.5 137767 46666.5 1194.58 9106.43 14632.7 1935.09 7399.86 
1913.93 29065.7 1827.98 6948.84 8151.96 110082 23297.5 17607.4 126102 11989.1 5047.82 1257.65 4595.59 52081.2 144174 77212.2 1713.26 81135.6 1014.52 7701.3 12626.4 10827.8 1169.51 21766.7 3303.49 50423.4 92414.7 16877.4 5324.6 181770 49285.4 3302.11 37469.4 1590.57 19451.9 15717.3 1732.49 1712.79 3529.38 
12599.9 2046.25 33610.6 2130.16 9463.33 14533.7 1875.92 11840.1 92161.9 133016 80833.2 71216.1 10637.5 2799.34 58112 113414 12982.8 24198.1 79000.3 5779.14 150331 3950.79 1243.71 78559 1940.19 47175.2 65325.3 84442.8 11253 105138 2589.79 2747.8 2758.63 78248.8 15585.3 24824.8 8051.56 49190.3 4428.32 
109195 14535.3 2355.99 44290.1 2775.95 15504 34647.6 7246.12 50855.9 14729.5 1052.75 22122.5 26892.5 11093.3 11917.9 93302.4 3227.45 1527.2 35008.2 102871 85952 7726.65 5666.99 1420.97 2255.5 34146.4 1455.63 46627.6 1174.81 4081.64 27611.3 1219.64 100360 2722.43 38370.3 1136.14 16315.9 16026.2 2322.57 
2506.6 138028 18210.2 2921.93 66565.5 4052.23 30725.8 112450 45404.2 36046.5 6861.16 37195 37155.2 3838.91 2332.19 14350.9 1537.34 3001.27 124889 1515.87 4268.94 30509 88449.8 3747.14 97026.7 33990.8 21039.5 127134 1342.63 96888.6 4386.52 2357.74 5885.01 11475.3 6107.67 70589.6 8275.57 5715.69 1575.48 
9803.95 2971.73 191106 24802 3908.29 114442 6651.13 74363.8 1598.42 1572.7 9410.6 1336.26 68265.6 2666.4 12372.7 2233.34 6343.7 5474.65 47628.9 23424.9 1034.23 2549.53 55600.4 9614.46 13586.9 3137.86 184162 35420.2 11315.8 15599.6 51150 2006.25 59398.4 22211.7 107791 50422.9 4272.37 4939.87 107373 
44403.6 12347.6 3703.36 1207.22 36795.4 5650.33 1065.76 12344.6 1057.55 4078.83 7072.14 1794.3 8971.8 6721.05 153221 6774.77 8039.65 2265.26 1270.71 5422.06 1800.09 20903.6 1448.58 93826.9 4047.96 192206 4686.32 37015.8 16514 33788.1 1735.73 53480.1 96803.5 3294.33 56483.3 13072.8 3068.25 54558.8 17966.4 
1081.56 59799.5 16418.4 4857.33 1560.18 59631.4 8856.72 1610.64 26101.2 2050.34 12722.4 45246 28156.6 119251 2314.18 6612.26 3547.63 1565.63 1610.93 20591.3 2301.69 1537.18 1255.8 49454.7 8863.89 2787.93 180649 32093.7 185896 19492.5 3472.92 26875.5 3112.57 25994 133359 16061.5 198556 3026.81 6549.83 
